trabajador

68154650,67005859,44389141,78261359,49301304,68972794,40032279,69732675,64469320,62660244,73165285,43657138,77871811,56182225,75451730,61387618,65625301,78651735,48156301,78172050,53896293,66293439,50297129,59992197,59338610,42161177,54672176,72819489,76688326,62867217

68154650
67005859
44389141
78261359
49301304
68972794
40032279
69732675
64469320
62660244
73165285
43657138
77871811
56182225
75451730
61387618
65625301
78651735
48156301
78172050
53896293
66293439
50297129
59992197
59338610
42161177
54672176
72819489
76688326
62867217

estudiantes
85325837,79983677,77180962,81208197,98304976,82685319,58829423,77670179,67885243,86647513,78622486,75319716,88138260,83867662,79385832,83010782,49934011,85465740,35306021,63288837,86506485,77808816,80181190,80349962,79254526,36901530,54354117,75033935,77503592,83553013,84525197,87341016,47572136,83809323,86423307,78460282,78636217,81526804,84111546,85344568,76888040,85668049

85325837
79983677
77180962
81208197
98304976
82685319
58829423
77670179
67885243
86647513
78622486
75319716
88138260
83867662
79385832
83010782
49934011
85465740
35306021
63288837
86506485
77808816
80181190
80349962
79254526
36901530
54354117
75033935
77503592
83553013
84525197
87341016
47572136
83809323
86423307
78460282
78636217
81526804
84111546
85344568
76888040
85668049
